"37","38","39","40","41","42","43","44","45","46","47","48","49","50","51","52","53","54","55","56","57","58","59","60","61","62","63","64","65","66","67","68","69","70","71","72"
6.21660610108486,0,0,0,0,0,0,0,0,0,0,0,0,0,0.693147180559945,0,0,0,0,0,0,0,0,0,0,0,0,0,0,0,0,0,0,0,0,0
6.95275703001848,5.21911798565761,2.74166099447954,0.557182306684302,0.0281376184544619,0.000849421378915991,5.21911798565761,3.44974117835397,1.34793133891352,0.176315064160793,0.00994990999397443,0.000396437073777233,2.74166099447954,1.34793133891352,1.49627861305582,0.403805341955916,0.0362596659291653,0.00177013995992659,0.557182306684302,0.176315064160793,0.403805341955916,0.0705322318657043,0.00544194909037484,0.000262439957288543,0.0281376184544619,0.00994990999397443,0.0362596659291653,0.00544194909037484,0.000408039596746008,1.96465979120438e-05,0.000849421378915991,0.000396437073777233,0.00177013995992659,0.000262439957288543,1.96465979120438e-05,9.46378321756826e-07
7.39711456581691,6.69130533678496,4.98002547158736,2.81064392775243,0.799453694420933,0.0694741368210628,6.69130533678496,5.75963990073035,4.0344361264139,2.00584173337503,0.447522768298259,0.0369469473803414,4.98002547158736,4.0344361264139,3.04873749718492,1.65802015928815,0.449590114264464,0.048808029796671,2.81064392775243,2.00584173337503,1.65802015928815,0.72458693423635,0.140805491537313,0.013600122630303,0.799453694420933,0.447522768298259,0.449590114264464,0.140805491537313,0.0216695607068753,0.00199786281299229,0.0694741368210628,0.0369469473803414,0.048808029796671,0.013600122630303,0.00199786281299229,0.000183161815300119
7.54991747627564,7.61284541993842,6.5890100005096,4.9053633648811,2.87037119480283,0.902079623076002,7.61284541993842,7.34953190175566,6.16163769010367,4.45109085598878,2.47404966399658,0.698678766790914,6.58901000050959,6.16163769010367,5.09889660148396,3.65534523778166,1.98892585705478,0.546537476725236,4.90536336488111,4.45109085598879,3.65534523778174,2.45808473613008,1.10656458877446,0.223252650312019,2.8703711948028,2.47404966399657,1.98892585705468,1.10656458877439,0.340422116064954,0.0502018348708183,0.902079623076103,0.698678766790912,0.546537476725179,0.223252650312056,0.0502018348708194,0.0065928346214777
7.53022088021134,8.00921330084212,7.67272488577572,6.5749678701744,4.92245837143872,2.86176148973274,8.00921330084212,8.23238793435023,7.69273414612138,6.48662427286119,4.8093599582221,2.76614476771172,7.6727248857757,7.69273414612142,6.96955386652544,5.74711755212899,4.16726240687822,2.2721313144887,6.57496787017441,6.48662427286122,5.74711755212908,4.59473069026109,3.12871520869531,1.44001092359213,4.92245837143869,4.80935995822212,4.1672624068781,3.1287152086951,1.82637313676579,0.58835696520011,2.86176148973289,2.76614476771173,2.27213131448848,1.44001092359223,0.588356965200141,0.118567204093601
7.3917470984334,8.01390788620805,8.13588819610962,7.72316032044647,6.62025000472253,4.85701025504435,8.01390788620805,8.44641297736769,8.42576724005929,7.91313733654631,6.76333715472316,4.9882351236305,8.13588819610961,8.42576724005923,8.1977651956538,7.48080435249813,6.24322810964235,4.47635390347488,7.72316032044644,7.91313733654633,7.48080435249811,6.59638061587497,5.30965621039775,3.57149702260784,6.62025000472259,6.76333715472317,6.24322810964239,5.30965621039758,4.03491562505405,2.37546747978093,4.85701025504439,4.98823512363051,4.47635390347479,3.57149702260793,2.37546747978097,1.01070245914743
7.15122150107888,7.81505236249718,8.12073147571556,8.19289641473697,7.77872594828969,6.51294778862372,7.81505236249718,8.33554006458144,8.51962792814916,8.50661581961689,8.06887404382317,6.81441517034184,8.12073147571556,8.5196279281492,8.58708379716531,8.4281693031094,7.81792518197323,6.451788762672,8.19289641473701,8.50661581961688,8.42816930310945,8.03975251935281,7.19079144938354,5.6970895794445,7.77872594828967,8.06887404382318,7.81792518197323,7.19079144938355,6.16066278819369,4.59523732625477,6.51294778862367,6.81441517034184,6.45178876267203,5.6970895794445,4.5952373262548,3.03491749371972
6.8400210126438,7.52239043981916,7.88544051330845,8.15058256237981,8.21330217158639,7.60932085637567,7.52239043981916,8.10538365416377,8.35811503068524,8.52361808623322,8.53252526268746,7.96442489394301,7.88544051330846,8.35811503068525,8.52680450502299,8.61310660379537,8.52665112494434,7.8243241432419,8.15058256237984,8.52361808623323,8.61310660379547,8.59286641253484,8.3287768928121,7.38097112194845,8.21330217158638,8.53252526268746,8.52665112494434,8.3287768928121,7.79048831755121,6.57543423964293,7.60932085637566,7.96442489394304,7.82432414324189,7.38097112194842,6.57543423964289,5.18465334975809
6.48867784009532,7.1882436635645,7.56600700029314,7.88800740354602,8.12372485131882,7.98032354887239,7.1882436635645,7.82783040658491,8.11124620999064,8.3308414876887,8.47832175090253,8.30055518032032,7.56600700029316,8.11124620999065,8.32242849808052,8.48094412158562,8.57485078571593,8.33610454493879,7.88800740354604,8.33084148768872,8.48094412158565,8.5846094696748,8.61098250228493,8.24176026873194,8.12372485131882,8.47832175090253,8.57485078571594,8.61098250228492,8.51767610498602,7.90122368131869,7.98032354887239,8.30055518032031,8.33610454493878,8.24176026873191,7.90122368131871,6.92851077467377
6.11850826739837,6.83728329612781,7.21611958922313,7.54581184697927,7.81740947618507,7.79997563324073,6.83728329612781,7.52854740871136,7.83116296852673,8.06697870639311,8.24090796352838,8.12098125063939,7.21611958922314,7.83116296852674,8.06984783530503,8.25086144731215,8.38151326952424,8.23377212408186,7.54581184697928,8.06697870639312,8.25086144731216,8.39143432562704,8.49074275678937,8.32171782981524,7.81740947618507,8.24090796352838,8.38151326952425,8.49074275678937,8.55512049652633,8.32480604439786,7.79997563324073,8.12098125063939,8.23377212408186,8.32171782981525,8.32480604439781,7.89474269223458
5.74251372571024,6.48131203354815,6.85726651794973,7.17555692240698,7.42931183718545,7.36871720080945,6.48131203354815,7.21808195933251,7.53521686678368,7.77277201625574,7.93296329279438,7.74248777853122,6.85726651794974,7.53521686678369,7.79647068858499,7.98422943181803,8.10544237223805,7.89180581106589,7.17555692240699,7.77277201625575,7.98422943181804,8.13770703202581,8.24058400816812,8.04118183557311,7.42931183718546,7.93296329279438,8.10544237223807,8.24058400816809,8.33906191662874,8.16662586039172,7.36871720080946,7.74248777853122,7.89180581106589,8.0411818355731,8.16662586039176,8.02379694269954
5.36801188407816,6.12595092370602,6.49812149000835,6.79663498596523,7.00923273397188,6.85353817865249,6.12595092370603,6.9014027766571,7.23009546119064,7.46178551987783,7.59065003866251,7.29938307960972,6.49812149000836,7.23009546119064,7.51095876591093,7.69835056889498,7.79201574935945,7.47595813837522,6.79663498596523,7.46178551987783,7.69835056889499,7.85622120476176,7.9382085231781,7.64398630106083,7.00923273397188,7.59065003866252,7.79201574935945,7.93820852317811,8.02993600017302,7.79135639570182,6.85353817865249,7.29938307960972,7.47595813837522,7.64398630106084,7.79135639570185,7.6784320823887
4.9987631844504,5.77368982025366,6.14191277042644,6.41695137015553,6.57979765112571,6.32278190913192,5.77368982025366,6.58103931881054,6.91872452011482,7.1398406309974,7.23011316225276,6.8400354160485,6.14191277042645,6.91872452011483,7.21638381907528,7.39908310698802,7.45814445552527,7.04152691455672,6.41695137015553,7.1398406309974,7.39908310698802,7.55675388295057,7.60823106861378,7.21276104439675,6.57979765112572,7.23011316225276,7.45814445552526,7.60823106861379,7.67597817933758,7.34256636445362,6.32278190913192,6.84003541604851,7.04152691455671,7.21276104439677,7.34256636445362,7.1597675453538
4.6364054015356,5.42538926610685,5.7895165577119,6.0399445145249,6.15217550557721,5.80317132823359,5.42538926610685,6.25829884416134,6.60254676065769,6.81021062763454,6.86022416004045,6.3831567765461,5.78951655771191,6.60254676065769,6.91405993055985,7.08916333879977,7.11196670123562,6.60748377122327,6.03994451452491,6.81021062763454,7.08916333879976,7.24343738756312,7.26127872948636,6.77484768599369,6.15217550557721,6.86022416004044,7.11196670123562,7.26127872948637,7.29754682387525,6.87080142181343,5.80317132823359,6.38315677654611,6.60748377122326,6.77484768599371,6.87080142181344,6.59523071547891
4.28139125920438,5.08108768280982,5.44082845220473,5.66702723238619,5.73164083083644,5.30443659371907,5.08108768280982,5.9338408527453,6.2823810464142,6.47506692603409,6.48622638459271,5.93617327298267,5.44082845220473,6.2823810464142,6.60477971377507,6.77038990474487,6.75807384060973,6.18042645130953,5.66702723238619,6.47506692603409,6.77038990474487,6.91892199615645,6.90329076424238,6.34011936527297,5.73164083083644,6.4862263845927,6.75807384060973,6.90329076424239,6.90582635847292,6.39686513474349,5.30443659371907,5.93617327298268,6.18042645130952,6.34011936527299,6.3968651347435,6.03235945262342
3.93360498421667,4.74046326505617,5.09539217754666,5.29860177455622,5.32029743397547,4.82900647047109,4.74046326505617,5.60799108005805,5.95877632870164,6.13594786551812,6.1112335698039,5.50159402154967,5.09539217754666,5.95877632870163,6.28922006478666,6.44421693400304,6.39931813586594,5.76227634540984,5.29860177455622,6.13594786551811,6.44421693400303,6.58535695338924,6.53814177310645,5.91224102789674,5.32029743397547,6.11123356980389,6.39931813586594,6.53814177310645,6.50768333840505,5.92997788628124,4.82900647047109,5.50159402154967,5.76227634540984,5.91224102789675,5.92997788628124,5.48863931956221
3.5927742874123,4.40311021229579,4.75270264219036,4.93458675588074,4.91860011705,4.37619471966753,4.40311021229579,5.28092676274349,5.63216863141922,5.79397112390928,5.73704616142131,5.07966828857236,4.75270264219036,5.63216863141921,5.96806131381688,6.11191785464055,6.03758732176142,5.35310809254199,4.93458675588073,5.79397112390928,6.11191785464055,6.24460615168382,6.16854711686006,5.49236861539961,4.91860011705,5.73704616142129,6.03758732176142,6.16854711686007,6.10744388064848,5.47400064789098,4.37619471966755,5.07966828857234,5.35310809254199,5.49236861539962,5.47400064789099,4.96957167269299
3.25875165497047,4.06871080083538,4.41236228161699,4.57473086121876,4.52624204050786,3.94419595453292,4.06871080083538,4.95279061768785,5.3029582871949,5.44997192691269,5.36466713746912,4.66968059861709,4.41236228161699,5.3029582871949,5.64200950889761,5.77463423338122,5.67419491239243,4.95233112580566,4.57473086121875,5.44997192691268,5.77463423338121,5.8982930797526,5.79646688025613,5.08059584881322,4.52624204050786,5.3646671374691,5.67419491239243,5.79646688025613,5.70781602231871,5.03016444936858,3.94419595453295,4.66968059861705,4.95233112580567,5.08059584881323,5.03016444936858,4.47567535057971
2.93171699912968,3.73715237186153,4.07417306711308,4.21881478511336,4.14268561394932,3.53112588502569,3.73715237186153,4.62376562981513,4.97155552986673,5.10461041183187,4.99464670363726,4.27064919410932,4.07417306711308,4.97155552986673,5.31179256551728,5.43339859386082,5.31010391555819,4.55923705045502,4.21881478511335,5.10461041183186,5.43339859386081,5.54782246431388,5.42334201866655,4.67662956362895,4.14268561394932,4.99464670363723,5.31010391555818,5.42334201866656,5.31047191518475,4.59847743654649,3.53112588502571,4.27064919410927,4.55923705045503,4.67662956362895,4.59847743654649,4.0055906642016
2.61232970348633,3.40861627469837,3.73820063526171,3.86678823332439,3.76748674577281,3.13557302061254,3.40861627469837,4.29413009814727,4.63841522889023,4.75846056197406,4.62732097007107,3.88171860352865,3.73820063526171,4.63841522889023,4.97815689006606,5.08915755343672,4.94607367343937,4.17327149301957,3.86678823332437,4.75846056197405,5.08915755343671,5.19441215775712,5.0502653934348,4.28014797718959,3.7674867457728,4.62732097007105,4.94607367343937,5.0502653934348,4.91645297304513,4.17851778552473,3.13557302061256,3.8817186035286,4.17327149301959,4.28014797718958,4.17851778552471,3.55760361369035
2.30184523455232,3.0836576236514,3.40483229845364,3.51887376209131,3.40050452078047,2.75690495785531,3.08365762365141,3.96430603235093,4.3040709346318,4.41208656520999,4.26298144831862,3.50239227573025,3.40483229845364,4.30407093463179,4.64187416062832,4.74280243659249,4.58276804430729,3.79418403185964,3.51887376209129,4.41208656520997,4.74280243659249,4.83913853526612,4.67811884288234,3.89101137765223,3.40050452078046,4.26298144831859,4.58276804430729,4.67811884288235,4.52645953740725,3.76989684824602,2.75690495785532,3.50239227573018,3.79418403185967,3.89101137765222,3.769896848246,3.13042902699013
2.00219457582971,2.76328733728056,3.07484225216622,3.17566069313158,3.04205732480557,2.39545049747688,2.76328733728056,3.63491110265764,3.96917523490063,4.06611412552651,3.90200625535942,3.13269246519867,3.07484225216622,3.96917523490062,4.3037621281332,4.39521006107971,4.22084736653564,3.42213467453385,3.17566069313156,4.0661141255265,4.39521006107971,4.48299367326061,4.30769247747972,3.50941110996464,3.04205732480556,3.90200625535939,4.22084736653564,4.30769247747973,4.14106958582669,3.37255826405521,2.39545049747689,3.13269246519861,3.42213467453388,3.50941110996462,3.37255826405518,2.72365870464698
1.71600099220688,2.44905636655641,2.74946753489198,2.83819899648074,2.69305039717605,2.05258121723826,2.44905636655641,3.30682006673598,3.63455075014077,3.72130306013939,3.54497202996706,2.77328295232848,2.74946753489197,3.63455075014076,3.96472110474322,4.04729530831493,3.8610561986925,3.05778749130433,2.83819899648072,3.72130306013938,4.04729530831493,4.12695344208406,3.93979562260759,3.1359924464888,2.69305039717604,3.54497202996704,3.8610561986925,3.9397956226076,3.76091420090064,2.98698688669452,2.05258121723826,2.77328295232842,3.05778749130436,3.13599244648879,2.98698688669449,2.33800032277471
1.44649297365836,2.14313279834063,2.43049272993066,2.50809684445008,2.35508581158409,1.73068422973339,2.14313279834063,2.98124010507918,3.30125587603602,3.37862783449792,3.1927621795695,2.42557451405132,2.43049272993065,3.30125587603601,3.6257878081414,3.70007749852717,3.50431605665708,2.70240926746567,2.50809684445006,3.3786278344979,3.70007749852717,3.77205720959804,3.57536790135939,2.7719743838187,2.35508581158409,3.19276217956947,3.50431605665708,3.5753679013594,3.38683208551119,2.61437460261889,1.73068422973339,2.42557451405125,2.70240926746571,2.77197438381868,2.61437460261886,1.97536978370344
1.19726353582342,1.8483449731528,2.12032782292164,2.18760976380237,2.03053808737551,1.43296835325812,1.8483449731528,2.65979940690168,2.97066682074243,3.03936976244336,2.84667827521268,2.09180006513802,2.12032782292164,2.97066682074243,3.28820758394967,3.3547621974266,3.15182795203731,2.35796714858462,2.18760976380235,3.03936976244335,3.3547621974266,3.41950049316908,3.21559581562057,2.41926435829579,2.03053808737549,2.84667827521265,3.15182795203733,3.21559581562057,3.0200154074188,2.25674587804671,1.43296835325809,2.09180006513799,2.35796714858462,2.41926435829576,2.25674587804673,1.63879838933044
0.971852098576041,1.56814812302003,1.82205014408814,1.87969613248883,1.72256207682429,1.16305539752609,1.56814812302004,2.34464346669672,2.64457593822209,2.70522379877013,2.50855878147745,1.77503026875423,1.82205014408814,2.64457593822208,2.95352663697478,3.0128415153276,2.80519038230248,2.02720888759382,1.87969613248881,2.70522379877011,3.0128415153276,3.07074454976289,2.86204259822526,2.08055712036323,1.72256207682425,2.50855878147743,2.80519038230251,2.86204259822525,2.6621604891875,1.9170327679088,1.16305539752604,1.77503026875423,2.0272088875938,2.08055712036319,1.91703276790886,1.33211401369416
