"37","38","39","40","41","42","43","44","45","46","47","48","49","50","51","52","53","54","55","56","57","58","59","60","61","62","63","64","65","66","67","68","69","70","71","72"
6.21660610108486,0,0,0,0,0,0,0,0,0,0,0,0,0,0.693147180559945,0,0,0,0,0,0,0,0,0,0,0,0,0,0,0,0,0,0,0,0,0
7.5567511309057,5.60186528741164,2.85144514945252,0.49176684220382,0.0182039672691107,0.000415584806759542,5.60186528741164,3.55172677746427,1.3030311624185,0.144024648904387,0.00661726646946782,0.000212550756642597,2.85144514945252,1.3030311624185,1.98781094706134,0.531879191244848,0.0388744732577289,0.00145288341173892,0.49176684220382,0.144024648904387,0.531879191244848,0.0759065655548859,0.00445134547672967,0.000163760550074387,0.0182039672691107,0.00661726646946782,0.0388744732577289,0.00445134547672967,0.000252488547545999,9.27309196932115e-06,0.000415584806759542,0.000212550756642597,0.00145288341173892,0.000163760550074387,9.27309196932115e-06,3.40638352350438e-07
8.13387058345993,7.52674272832115,5.68294328701314,3.26095255799644,0.920740414050631,0.0662283106109514,7.52674272832115,6.43539563512771,4.51365048195704,2.25371837210152,0.473605984134035,0.0323302553734845,5.68294328701314,4.51365048195704,3.93133475960968,2.36839385445693,0.71673492352562,0.0707327426841597,3.26095255799644,2.25371837210152,2.36839385445693,1.10939797851854,0.20330249244537,0.0158096754243302,0.920740414050631,0.473605984134035,0.71673492352562,0.20330249244537,0.0248650438604742,0.00178303682614683,0.0662283106109514,0.0323302553734845,0.0707327426841597,0.0158096754243302,0.00178303682614683,0.000126641071370046
8.08928841051216,8.38119441697228,7.61970869599068,5.89332972777415,3.63854717064665,1.28174706113739,8.38119441697226,8.22830508847336,7.09490608720509,5.25709669447093,3.05138350885566,0.928634173470641,7.61970869599061,7.09490608720508,6.21921173982891,4.78124012822516,2.92045260425117,0.996486156683652,5.893329727774,5.25709669447096,4.78124012822516,3.50133091442211,1.80674658919831,0.413611043360612,3.63854717064662,3.05138350885588,2.92045260425118,1.80674658919836,0.601056408959933,0.0804558360037982,1.28174706113727,0.928634173470674,0.99648615668366,0.413611043360774,0.0804558360038238,0.00851942526360386
7.84193416175314,8.41371926217156,8.46315575367651,7.7680484708402,6.16754316869073,3.9473158517414,8.41371926217157,8.73647934794723,8.54461427545131,7.60427313758363,5.90205101398065,3.68401453434447,8.46315575367655,8.54461427545131,8.11404263806755,7.10531545326925,5.51508582933355,3.45034712227302,7.76804847084027,7.6042731375836,7.10531545326925,6.03282821242567,4.45563696885321,2.46995693338255,6.16754316869068,5.90205101398069,5.51508582933358,4.45563696885324,2.92153198952725,1.18192266948534,3.9473158517412,3.68401453434449,3.45034712227305,2.469956933383,1.18192266948556,0.256915677963611
7.5206289689771,8.17728368818639,8.4660011311234,8.51710852396639,7.94093601378128,6.35423354681255,8.17728368818639,8.65140500802944,8.79204786332011,8.70189731499316,7.99783668510326,6.3500234980115,8.46600113112335,8.79204786332011,8.78708975388374,8.54660277474455,7.70922685458693,6.04146287797872,8.51710852396634,8.70189731499316,8.54660277474455,8.04461472188007,6.94297654479419,5.1711451590062,7.94093601378127,7.99783668510326,7.70922685458693,6.9429765447942,5.65055111079045,3.82623819426208,6.3542335468125,6.3500234980115,6.04146287797875,5.17114515900653,3.82623819426229,2.07558305278813
7.16965239107386,7.87243721217664,8.21252931181638,8.4664106091658,8.54919501465823,7.95977349285995,7.87243721217664,8.43892281832576,8.6494281692198,8.78490146587204,8.77334297895667,8.14219037836898,8.21252931181635,8.6494281692198,8.7592155722255,8.820222886679,8.72507401090722,7.97297795372707,8.46641060916575,8.78490146587203,8.820222886679,8.79075836347573,8.50463836565994,7.44777996225655,8.54919501465821,8.77334297895666,8.72507401090721,8.50463836565989,7.85445082268803,6.4437261994172,7.95977349285992,8.14219037836894,7.97297795372714,7.44777996225663,6.44372619941739,4.82853889509237
6.81115910129828,7.55160341004696,7.90195134273061,8.19251698780502,8.42983696898066,8.40071840199746,7.55160341004696,8.19433583314007,8.43198702832278,8.60972263414076,8.74198229902677,8.63448817986025,7.90195134273058,8.43198702832277,8.58374209877831,8.70200866754328,8.79023740005585,8.63684982124737,8.192516987805,8.60972263414076,8.70200866754328,8.77942831281609,8.82020041831652,8.55459113710669,8.4298369689807,8.74198229902677,8.79023740005585,8.82020041831652,8.75734587089224,8.20755179647249,8.40071840199748,8.63448817986028,8.63684982124737,8.5545911371067,8.20755179647237,7.17082761393406
6.45605053649317,7.23086013376706,7.58222055344705,7.87099994421115,8.12031066206302,8.13674352724163,7.23086013376705,7.93876556160882,8.19573692276218,8.38356932083081,8.52983200808691,8.43203382435403,7.58222055344703,8.19573692276217,8.37698822123343,8.50952180444919,8.61777498810104,8.50214305647278,7.87099994421113,8.3835693208308,8.50952180444918,8.60871906124115,8.69684945134211,8.58437133298748,8.12031066206301,8.52983200808691,8.61777498810104,8.69684945134216,8.76634191707159,8.63327444154756,8.13674352724164,8.43203382435402,8.50214305647275,8.58437133298748,8.63327444154767,8.3567467039023
6.10946462148157,6.91565483623826,7.26654022142406,7.54237249048484,7.76318058260254,7.67585554624459,6.91565483623825,7.67870327854941,7.95253090998713,8.14192217403367,8.27082482587653,8.0656161123922,7.26654022142405,7.95253090998713,8.15980115677262,8.29769745595819,8.39098998633528,8.17050373156294,7.54237249048483,8.14192217403367,8.29769745595819,8.40444621116712,8.48439171607497,8.28771364750988,7.76318058260254,8.27082482587653,8.39098998633528,8.48439171607502,8.56632860399999,8.41636235028683,7.67585554624459,8.0656161123922,8.1705037315629,8.28771364750982,8.41636235028644,8.36238296676959
5.77352154640874,6.60771647589804,6.95849275313509,7.21724390593153,7.39473587115077,7.17999119682675,6.60771647589804,7.41683328586458,7.70577862204497,7.89248600870378,7.99200415389169,7.66834303366071,6.95849275313508,7.70577862204496,7.93672210884976,8.07643896465194,8.14315227621772,7.80341828391323,7.21724390593152,7.89248600870378,8.07643896465194,8.18711744286315,8.24359641571609,7.9283474642592,7.39473587115077,7.99200415389169,8.14315227621772,8.24359641571611,8.31010793546263,8.05319808999418,7.17999119682676,7.6683430336607,7.8034182839132,7.92834746425912,8.05319808999395,7.93751954059227
5.4487193713076,6.3072719533917,6.65850499668516,6.89857770918868,7.02823989529293,6.69368582430056,6.3072719533917,7.15446993524454,7.45675008412326,7.63785040498253,7.70306584742695,7.2716332008055,6.65850499668515,7.45675008412326,7.70895565581853,7.84803664156607,7.88377711037461,7.43595222001081,6.89857770918867,7.63785040498253,7.84803664156606,7.96060316036248,7.98808694843451,7.56139787310325,7.02823989529293,7.70306584742694,7.88377711037461,7.98808694843453,8.02868858473264,7.65773237046068,6.69368582430056,7.2716332008055,7.43595222001079,7.56139787310318,7.65773237046054,7.42295761836281
5.13468784684873,6.01389392230599,6.36591016971953,6.58699788157312,6.66928731547671,6.23035423751461,6.01389392230599,6.89227867316558,7.20601351330887,7.37941978252438,7.40911049554853,6.88487630485809,6.36591016971952,7.20601351330887,7.47691789234617,7.61339520930524,7.6171329472681,7.07691402839278,6.58699788157312,7.37941978252438,7.61339520930524,7.72612287336427,7.72297591467483,7.19985990604113,6.66928731547671,7.40911049554852,7.6171329472681,7.72297591467484,7.7333329007061,7.25903107344311,6.23035423751461,6.88487630485808,7.07691402839276,7.19985990604106,7.25903107344302,6.90510136868565
4.8306226886982,5.72687926250389,6.07970628448054,6.28226644113859,6.320083444204,5.79332175362241,5.72687926250389,6.63056603299136,6.9538595488406,7.11818566944318,7.11323228606471,6.51104874790764,6.07970628448053,6.9538595488406,7.24084937954716,7.3731797902899,7.3457027913489,6.72836934157415,6.28226644113859,7.11818566944318,7.3731797902899,7.48455475764783,7.45116075680517,6.847108515759,6.320083444204,7.11323228606471,7.3457027913489,7.45116075680517,7.43021546328291,6.8671705733723,5.7933217536224,6.51104874790764,6.72836934157413,6.84710851575895,6.86717057337225,6.40791653830073
4.53554749056828,5.44543828740695,5.79885730617183,5.98379599508005,5.98113292458427,5.38198334283367,5.44543828740695,6.36943058559079,6.70045603649786,6.85490100785214,6.81735437008854,6.15064247637077,5.79885730617183,6.70045603649786,7.00097959935048,7.12802154989646,7.07111158970278,6.39022888507223,5.98379599508005,6.85490100785213,7.12802154989646,7.23678119060323,7.17464766782133,6.50372289389524,5.98113292458426,6.81735437008853,7.07111158970278,7.17464766782132,7.1232622370973,6.48604464687176,5.38198334283366,6.15064247637076,6.39022888507221,6.50372289389519,6.48604464687174,5.93810865482101
4.24847539511152,5.16879620999532,5.52241530456318,5.69087545925052,5.65207273162249,4.9941346038285,5.16879620999532,6.10885431598575,6.44591420615342,6.59013800598375,6.52263918788961,5.80303173127498,5.52241530456318,6.44591420615342,6.75756644788442,6.87853689258591,6.79447992443049,6.06164212472098,5.69087545925052,6.59013800598375,6.87853689258591,6.9836896387408,6.89492518018377,6.16929641405144,5.65207273162248,6.5226391878896,6.79447992443049,6.89492518018377,6.81504365965765,6.11686866973387,4.99413460382849,5.80303173127497,6.06164212472096,6.1692964140514,6.11686866973386,5.49626487018274
3.96850953770814,4.89624941244869,5.24956728288117,5.40278773147315,5.33213300093126,4.62704424318207,4.89624941244869,5.84876162125179,6.19032069961957,6.32432557640906,6.22974444044854,5.46709635614684,5.24956728288117,6.19032069961957,6.51089756434995,6.62531482976414,6.51660071745632,5.7415233817028,5.40278773147314,6.32432557640906,6.62531482976413,6.72613017729556,6.61311676338286,5.84305400963244,5.33213300093124,6.22974444044853,6.51660071745632,6.61311676338285,6.50722268540213,5.75954056641371,4.62704424318206,5.46709635614683,5.74152338170279,5.84305400963241,5.75954056641371,5.08050413568806
3.69490597511138,4.62719714943534,4.97964934137034,5.11887528565703,5.02040275418916,4.27799881179618,4.62719714943534,5.58905826334809,5.93375495972245,6.05778303856884,5.9389985134125,5.14155562923231,4.97964934137034,5.93375495972246,6.26128108516498,6.36890503811691,6.23804401033038,5.42878284284984,5.11887528565703,6.05778303856884,6.3689050381169,6.46488470768455,6.33007061617765,5.52411812692177,5.02040275418914,5.93899851341248,6.2380440103304,6.33007061617764,6.20084211362399,5.41331998922274,4.27799881179616,5.14155562923229,5.42878284284983,5.52411812692173,5.41331998922274,4.68803375935744
3.42711401118591,4.36115972257695,4.71214699863952,4.8385765158804,4.71598345981009,3.94458116299286,4.36115972257695,5.32965737338024,5.67629990128935,5.79075099357416,5.65052432415618,4.82515779103879,4.71214699863952,5.67629990128936,6.00903547314176,6.10981200972807,5.95922605807925,5.12243524851087,4.8385765158804,5.79075099357415,6.10981200972805,6.20065294768545,6.04642570993891,5.21164251676601,4.71598345981005,5.65052432415616,5.95922605807927,6.0464257099389,5.89652576350664,5.07721271803509,3.94458116299282,4.82515779103876,5.12243524851086,5.21164251676597,5.07721271803508,4.31593072850722
3.16480279520642,4.09778917520042,4.44669015489328,4.56144449560978,4.41807464649572,3.62479495485062,4.09778917520042,5.07049701825357,5.4180493327347,5.52341830416478,5.3643270529015,4.5167838821725,4.44669015489328,5.41804933273471,5.75448173746633,5.84849480057223,5.68045816139901,4.82164817219483,4.56144449560978,5.52341830416478,5.84849480057221,5.93405108654826,5.76266488239133,4.90488109323009,4.41807464649567,5.36432705290146,5.68045816139904,5.76266488239132,5.59462296876072,4.75019140892029,3.62479495485057,4.51678388217245,4.82164817219483,4.90488109323004,4.75019140892027,3.96152722676246
2.90788251214002,3.83687815535555,4.18304886897278,4.28715818456967,4.12602425918842,3.31712268315851,3.83687815535556,4.8115530831909,5.15911421978964,5.25594504682786,5.0803568027242,4.21550712567091,4.18304886897279,5.15911421978964,5.49793905341912,5.58537090356765,5.40198304752388,4.525764141108,4.28715818456966,5.25594504682785,5.58537090356764,5.66561838000409,5.47915848987303,4.60322618175178,4.12602425918837,5.08035680272417,5.40198304752391,5.47915848987303,5.29531289855435,4.43132713361588,3.31712268315845,4.21550712567086,4.525764141108,4.60322618175173,4.43132713361586,3.62262085848976
2.65652014973533,3.57836765154219,3.9211303741782,4.01552855081687,3.83935508871862,3.02053112701373,3.5783676515422,4.552849147234,4.8996284701763,4.98848166391921,4.79855301166497,3.92061940822735,3.9211303741782,4.89962847017631,5.23972371416458,5.32082311437816,5.124003167208,4.23430540951887,4.01552855081686,4.9884816639192,5.32082311437815,5.39582859002073,5.19620079105535,4.30622492403949,3.83935508871856,4.79855301166493,5.12400316720803,5.19620079105535,4.99868023024029,4.11985830193313,3.02053112701365,3.92061940822729,4.23430540951887,4.30622492403942,4.11985830193308,3.29754616119329
2.41115389140255,3.32235776640427,3.66098115017037,3.7465063665757,3.5577849418748,2.73446940155163,3.32235776640428,4.29446613034006,4.63975565851542,4.7211858910609,4.5188781375295,3.63164873670636,3.66098115017037,4.63975565851543,4.98015135439127,5.05520863315907,4.84670435883132,3.94697741365274,3.74650636657568,4.72118589106089,5.05520863315905,5.12510405792453,4.91404099321847,4.01359089749144,3.55778494187473,4.51887813752946,4.84670435883135,4.91404099321847,4.70477178926611,3.81523376716722,2.73446940155155,3.6316487367063,3.94697741365274,4.01359089749137,3.81523376716715,2.98520582947906
2.17250136718215,3.06912059115223,3.40279293574935,3.48019128951448,3.2812414867862,2.4588531258864,3.06912059115225,4.0365522600897,4.379696859948,4.45423812108639,4.24134350321969,3.34836843322174,3.40279293574935,4.37969685994802,4.71954211198363,4.78887004506251,4.57027643215173,3.6636707449884,3.48019128951446,4.45423812108637,4.7888700450625,4.85383154014804,4.63291024508205,3.72521151978073,3.28124148678613,4.24134350321963,4.57027643215176,4.63291024508206,4.41363929615848,3.51713599659555,2.45885312588631,3.34836843322167,3.66367074498841,3.72521151978065,3.51713599659546,2.68506205629706
1.94155774231627,2.81911564626282,3.14691327262908,3.21684392035586,3.00987644842988,2.19404100862493,2.81911564626284,3.77933448207215,4.11970016344712,4.18785622178393,3.9660306704963,3.07080502134782,3.14691327262908,4.11970016344713,4.45822849522375,4.52214786293146,4.29493201032452,3.38446582686491,3.21684392035584,4.18785622178392,4.52214786293144,4.58237904333293,4.35304564198811,3.44115624067506,3.0098764484298,3.96603067049625,4.29493201032454,4.35304564198811,4.12537273312136,3.22549629671676,2.19404100862484,3.07080502134775,3.38446582686491,3.44115624067497,3.22549629671667,2.39711120275577
1.71957881797977,2.57300883058213,2.89386212093592,2.95690385299657,2.7440853889231,1.94080932596215,2.57300883058215,3.52313336768469,3.86007336136752,3.92231212877126,3.69311371157444,2.79925371393823,2.89386212093593,3.86007336136753,4.19656640984235,4.25539527250892,4.02092661926829,3.10964680682479,2.95690385299655,3.92231212877125,4.2553952725089,4.31111417139536,4.07471440190261,3.16169330735989,2.74408538892303,3.69311371157438,4.02092661926831,4.07471440190262,3.8401318319893,2.94051689416589,1.94080932596206,2.79925371393816,3.10964680682479,3.1616933073598,2.9405168941658,2.12186390445744
